 33.8   37.1   43.7   50.5   59.7   67.7   71.4   70.8   64.3   52.9   43.5   36.3   52.7
 31.8   35.5   42.2   50.0   59.3   67.1   70.4   69.4   62.5   51.0   41.8   34.4   51.4
 40.4   43.8   49.8   56.7   64.7   71.4   73.7   73.6   69.7   59.1   49.8   43.4   58.1
 35.7   39.2   45.3   51.6   60.7   68.1   71.5   71.0   65.2   53.5   43.9   37.4   53.7
 11.1   13.8   19.2   29.1   39.6   47.7   52.2   50.0   42.0   29.1   16.6   13.2   30.4
 32.4   32.7   34.5   38.3   44.0   49.2   52.9   53.1   48.4   41.9   35.4   32.8   41.3
-19.5  -20.4  -19.2   -4.9   16.5   30.8   34.8   34.1   28.5   12.6   -4.8  -13.8    6.3
  0.8    4.4    7.8   19.3   33.3   43.8   48.8   47.0   39.0   24.7   11.6    3.9   23.8
-17.9  -14.5   -8.0   12.3   34.2   47.6   49.6   42.9   32.3   12.1   -8.1  -13.4   14.2
 -7.8   -3.1    3.8   22.2   37.7   48.0   51.2   45.9   35.4   17.5   -0.4   -4.4   20.6
 23.6   24.3   25.1   29.0   35.0   41.4   46.4   47.7   43.3   35.4   30.0   26.6   34.0
-16.9  -12.7   -2.5   20.6   37.8   49.3   52.3   46.4   35.1   16.5   -5.7  -12.9   17.4
-10.7   -4.5    3.0   20.4   33.4   42.3   46.5   42.4   33.0   18.4   -2.0   -7.4   18.0
 18.8   19.8   23.2   29.8   37.1   43.5   48.0   46.9   41.1   31.6   23.5   21.1   32.1
 23.7   25.0   28.0   33.3   40.6   46.9   50.0   49.0   44.4   37.8   29.1   25.6   36.2
  8.8   10.9   15.6   25.0   34.5   41.9   47.3   46.6   39.7   25.7   15.3   10.8   26.9
 25.9   26.1   27.7   32.3   38.7   44.5   49.2   49.0   43.2   34.5   28.7   26.3   35.5
 -9.5   -7.8   -6.7    5.4   26.0   39.9   49.7   47.3   37.9   20.1    4.0   -4.1   17.0
-15.3   -9.5   -1.6   18.6   36.1   46.7   50.7   45.8   36.1   18.3   -2.1  -11.8   17.8
 -2.8   -0.5    2.1   13.5   30.5   40.7   46.2   44.3   36.9   23.0   10.7    2.2   20.7
 21.1   20.2   20.4   25.1   31.9   38.0   43.6   45.6   41.1   34.4   29.1   24.7   31.3
  6.2    8.7   14.2   25.6   37.0   47.1   51.8   48.2   39.2   25.8   12.1    8.3   27.1
 16.1   17.4   22.1   31.1   38.7   44.8   47.6   46.1   40.8   31.8   24.0   20.5   31.8
 22.4   23.0   24.6   29.9   37.2   44.3   48.6   47.2   41.2   34.7   26.3   24.3   33.7
 17.3   19.3   23.6   28.5   35.0   41.9   50.9   50.1   42.0   31.5   22.9   16.8   31.7
 45.6   48.7   53.5   60.2   69.4   77.7   83.5   82.7   76.9   64.8   52.7   44.8   63.5
 40.1   41.3   46.0   51.3   60.1   68.7   74.2   72.6   68.1   56.6   46.1   39.7   55.5
 20.8   24.8   30.4   36.7   45.4   53.8   61.9   60.8   52.3   39.3   27.9   20.6   39.6
 42.5   45.4   48.4   55.0   62.3   69.9   78.9   78.5   72.4   59.3   47.8   41.2   58.5
 29.0   33.1   41.1   49.5   59.2   67.5   71.6   70.8   62.3   50.7   40.3   31.2   50.6
 31.2   34.5   42.7   51.0   61.1   69.4   73.2   72.4   64.5   52.6   42.2   33.7   52.5
 32.7   36.3   44.3   52.8   61.6   69.3   72.8   72.0   64.5   54.1   43.9   35.0   53.3
 39.3   42.4   46.5   50.2   57.5   64.2   70.5   69.0   64.0   55.0   44.6   39.0   53.6
 23.0   26.5   31.2   36.3   44.2   51.0   56.2   53.8   47.0   37.4   27.8   22.1   38.1
 41.1   41.7   42.6   44.1   47.5   50.1   52.0   52.8   50.4   47.1   43.5   40.6   46.1
 38.3   41.5   45.6   49.4   56.2   62.4   67.6   66.2   61.5   53.0   43.4   38.0   52.0
 46.1   48.0   50.5   53.2   57.6   61.0   64.5   64.9   63.2   58.3   50.8   45.8   55.4
 48.8   50.0   51.7   53.8   57.3   60.5   63.7   64.3   63.2   59.3   53.2   48.7   56.2
 47.8   49.3   51.0   53.5   57.1   60.3   63.6   64.1   63.1   58.7   52.0   47.5   55.7
 36.2   37.4   40.6   43.5   50.4   57.6   62.6   60.1   56.6   48.6   40.9   35.1   47.5
 38.8   41.4   44.1   46.2   51.1   55.8   58.4   58.0   55.7   50.2   42.8   38.4   48.4
 49.0   50.7   53.2   55.9   59.4   62.0   65.4   66.7   65.2   60.6   53.6   48.4   57.5
 44.2   46.3   47.7   49.1   51.6   53.8   55.4   56.3   55.8   53.2   48.7   44.6   50.6
 45.7   47.5   48.5   49.2   51.0   52.8   54.1   55.1   55.1   53.7   50.1   46.1   50.8
 40.7   43.7   45.8   47.8   51.2   54.2   57.8   57.6   55.8   51.1   44.4   40.2   49.2
 39.5   41.7   43.0   44.0   47.4   50.6   53.8   54.2   52.7   48.7   43.0   39.1   46.5
 37.7   40.2   42.8   45.9   51.6   56.8   60.0   59.2   56.5   49.7   41.9   37.2   48.3
 -1.7    5.7   16.9   24.4   33.4   40.6   46.9   45.9   36.9   24.5   12.1    0.5   23.9
 17.7   19.5   26.0   33.3   42.7   51.3   56.9   55.7   47.3   35.8   25.2   17.5   35.8
 17.4   18.9   26.4   33.3   42.7   52.3   58.9   57.9   48.3   36.6   24.5   17.1   36.3
 17.0   23.7   31.4   38.1   47.0   56.3   63.2   61.3   52.0   39.9   27.6   18.5   39.7
 14.0   17.3   25.6   33.9   44.1   52.8   58.7   57.5   47.7   34.2   22.5   14.2   35.3
 23.0   25.2   31.4   41.0   50.6   60.4   66.4   65.8   58.3   46.5   38.0   28.4   44.7
 18.5   21.6   28.9   39.5   49.0   58.6   64.3   62.8   54.0   41.8   34.6   24.2   41.6
 24.6   26.8   33.6   43.0   52.6   62.6   67.6   66.1   58.2   46.1   37.4   28.7   45.7
 23.9   26.0   32.9   42.1   51.2   61.0   65.5   64.2   56.3   43.8   35.3   27.1   44.2
 28.6   30.9   37.6   47.0   56.5   66.3   71.1   69.7   62.4   50.6   41.2   32.5   49.6
 41.6   44.6   50.0   56.3   64.5   71.5   73.6   73.6   70.4   60.6   51.0   44.8   58.6
 47.3   50.1   54.2   58.6   65.4   71.4   73.0   73.4   72.2   65.9   57.3   50.5   61.7
 53.7   55.9   59.4   63.1   68.7   73.5   74.5   74.9   74.3   69.1   62.0   56.4   65.5
 42.3   45.3   50.0   54.9   62.4   69.3   71.5   71.6   69.0   60.5   51.1   44.4   57.8
 41.4   44.7   49.7   54.7   62.7   70.0   72.6   72.7   69.5   60.5   50.9   43.9   57.8
 64.0   65.9   68.3   71.6   75.6   78.8   79.7   79.5   78.6   76.1   71.5   67.0   73.1
 59.9   62.3   64.9   68.3   72.9   76.0   77.3   77.4   76.5   73.5   68.1   63.0   70.1
 49.8   53.4   57.2   61.7   67.8   73.2   75.5   75.6   74.1   67.7   59.8   53.8   64.2
 42.0   45.3   50.5   57.0   65.5   72.1   74.5   74.5   70.2   59.9   51.1   44.7   59.0
 39.0   41.9   47.1   52.3   61.6   69.5   72.0   72.1   68.1   57.3   47.5   41.1   55.8
 51.6   54.4   58.2   63.0   69.7   74.8   75.9   76.2   74.5   68.0   60.3   54.2   65.1
 51.7   54.1   57.6   61.2   67.6   72.1   73.4   73.6   73.3   68.9   61.5   55.0   64.2
 56.8   59.1   62.2   65.8   71.0   74.3   75.5   75.9   75.2   71.7   65.5   60.0   67.8
 33.1   36.3   42.5   49.3   58.2   66.4   69.8   69.3   62.7   51.5   42.4   35.0   51.5
 34.3   37.7   44.1   51.5   60.3   68.2   71.3   70.7   64.8   54.0   44.5   36.5   53.2
 37.7   40.7   47.1   53.2   62.4   69.6   72.4   71.7   66.1   56.1   47.2   39.4   55.4
 36.8   40.1   46.1   52.5   61.9   69.7   72.9   72.4   66.7   55.6   46.1   38.9   55.1
 34.8   38.0   44.1   50.1   59.2   67.6   71.0   70.3   63.9   52.4   43.0   36.4   52.6
 38.6   41.7   47.6   53.6   62.1   69.8   72.8   72.4   67.8   57.5   47.9   40.8   56.1
 61.0   60.8   62.2   62.6   63.8   64.9   66.3   66.6   65.7   65.5   64.4   63.5   64.0
 66.3   66.1   67.7   69.4   70.9   73.4   74.5   75.1   74.4   73.4   71.4   68.3   70.9
 63.4   63.0   64.4   65.7   67.1   69.6   71.1   71.4   70.4   69.5   68.0   65.1   67.4
 65.5   65.5   67.0   68.8   70.4   73.0   74.1   74.6   74.1   72.9   70.8   67.6   70.4
 24.7   28.3   34.4   39.3   46.5   53.7   60.4   59.6   51.0   40.9   31.9   24.0   41.3
 29.6   30.9   35.6   40.3   47.0   53.4   59.6   59.2   51.0   41.1   34.1   28.0   42.5
 16.0   19.2   27.1   32.9   39.7   46.5   52.0   50.7   42.1   33.0   24.1   16.1   33.3
 16.5   20.1   29.2   38.8   48.3   58.1   63.9   62.9   54.3   42.8   32.4   20.7   40.8
 14.3   18.3   29.4   40.5   50.7   60.7   65.0   63.2   53.9   42.4   30.9   18.6   40.8
 17.0   21.2   31.0   41.7   51.6   61.4   65.5   63.7   55.2   43.5   32.9   21.0   42.2
 13.5   17.7   27.5   38.1   48.4   58.5   63.0   61.3   52.4   40.7   30.3   17.7   39.2
 18.7   22.6   32.2   42.4   52.6   61.9   65.4   63.6   54.6   43.8   33.9   22.5   43.0
 24.0   27.2   35.3   44.6   54.5   63.9   67.5   65.4   56.8   45.5   36.4   27.1   45.8
 17.4   20.3   28.7   38.9   49.2   59.3   62.7   60.8   52.6   41.8   32.9   22.1   40.6
 21.0   24.0   33.4   43.6   53.0   63.4   66.6   65.0   57.1   45.2   36.1   24.9   44.5
 17.6   20.5   28.4   38.6   48.6   58.7   63.1   61.7   53.7   42.6   33.3   22.4   40.8
 11.4   15.3   26.8   37.9   50.1   59.6   63.8   61.9   51.6   40.1   27.9   15.6   38.6
 11.2   15.8   26.6   37.8   48.4   58.1   62.1   60.3   51.6   40.0   28.5   15.3   38.1
 10.2   15.2   25.5   36.8   48.7   58.6   63.2   60.9   50.6   38.0   25.2   13.0   37.3
  9.5   14.6   26.0   37.2   49.0   58.9   62.8   60.2   50.7   38.7   26.8   13.5   37.4
 18.7   22.2   31.4   41.2   52.0   61.9   67.4   65.5   56.0   43.8   31.1   20.5   42.7
 20.1   23.4   31.0   40.2   51.5   61.0   66.3   65.3   56.0   43.4   30.3   21.2   42.6
 16.9   19.4   26.5   34.7   45.8   55.6   61.3   60.0   50.1   37.5   25.7   17.3   37.6
 19.6   23.8   33.3   43.5   54.2   63.7   68.4   66.2   56.3   44.7   33.0   22.3   44.2
 21.9   26.1   35.0   44.5   55.2   64.9   69.8   68.8   59.5   46.9   34.6   24.1   46.0
 22.4   24.9   32.6   41.9   51.5   60.5   64.7   63.2   55.1   43.3   34.3   25.9   43.4
 26.8   29.9   37.3   46.7   54.7   62.5   66.1   65.0   58.2   48.0   39.4   30.2   47.1
 24.9   28.1   35.7   44.7   53.9   62.5   66.3   65.0   57.5   46.6   37.3   28.0   46.0
 26.5   29.7   37.4   47.0   56.2   65.5   68.5   68.0   59.2   47.7   38.5   29.4   47.9
 25.8   29.5   37.7   46.6   56.3   64.9   68.5   66.1   57.8   46.7   37.9   28.6   47.3
 41.2   44.5   50.3   56.8   65.2   71.4   73.7   73.4   68.5   57.9   48.9   42.7   57.9
 42.3   45.5   51.3   58.2   66.6   72.7   74.6   74.1   69.1   59.4   50.7   44.1   59.1
 44.7   48.0   53.5   60.0   68.1   73.5   75.3   75.3   72.0   62.6   53.5   46.9   61.2
 36.2   39.7   46.7   54.2   63.1   70.4   73.6   73.0   65.2   54.6   45.6   37.9   55.1
  0.8    4.2   15.2   29.5   40.5   49.8   55.2   52.9   44.5   34.6   24.7   10.3   30.3
 13.4   16.4   24.9   34.7   44.2   53.6   59.4   58.2   50.3   38.9   30.9   20.4   37.2
 24.4   26.6   33.5   42.7   52.0   61.9   66.8   65.2   57.6   45.4   36.5   28.1   45.1
 22.2   24.7   31.1   40.6   49.9   59.5   65.4   64.6   57.4   46.5   38.0   28.2   44.1
 16.8   19.4   26.5   37.0   46.8   56.0   61.5   60.4   52.9   41.7   33.0   22.6   39.6
 11.5   11.4   19.2   31.0   40.5   49.7   55.3   53.7   46.5   36.4   28.3   18.4   33.6
 20.3   22.1   28.9   39.6   50.1   60.3   65.2   64.0   56.1   44.8   35.4   25.2   42.8
 15.3   16.9   24.8   35.5   45.3   55.2   59.2   57.9   49.9   39.4   31.0   20.8   37.7
 18.1   19.9   26.9   37.7   47.8   57.7   62.2   61.0   52.7   41.8   33.0   23.5   40.3
  9.9   10.6   18.5   31.0   41.5   50.2   54.5   52.8   45.5   35.9   27.4   17.3   33.0
 16.8   18.5   26.0   37.0   46.7   56.7   60.6   59.4   51.2   40.7   32.4   22.3   39.1
  5.2    5.3   13.8   28.0   39.9   49.4   54.6   53.1   45.8   34.2   23.0   11.2   30.4
 20.1   21.1   27.0   37.3   46.9   56.6   61.9   61.0   52.8   42.5   34.0   25.3   40.6
  7.6    9.4   17.9   31.1   40.9   48.7   54.4   54.5   47.7   37.8   28.1   15.8   32.9
  1.5    6.1   17.5   30.0   40.6   49.3   55.4   54.4   46.1   34.8   21.9    7.3   30.5
 -6.6   -1.3   12.5   27.1   38.7   48.4   52.6   50.7   41.8   31.0   17.4    0.4   26.2
  7.5   12.8   24.3   37.2   48.9   58.8   64.1   61.8   52.4   39.7   26.2   12.3   37.3
  7.7   12.4   24.3   36.4   47.4   57.2   61.3   59.3   50.4   38.4   26.0   12.2   36.2
  1.8    7.2   19.8   32.7   44.2   53.6   58.4   56.0   46.8   34.9   21.7    7.1   32.1
 36.8   40.2   46.8   53.8   62.8   69.4   72.3   71.9   66.1   55.1   45.1   39.0   55.0
 33.1   36.4   42.3   49.1   58.5   66.1   69.4   69.0   62.9   51.0   41.6   35.6   51.3
 31.7   35.3   42.5   50.2   59.6   67.6   71.2   70.1   62.8   50.8   41.7   34.3   51.5
 20.9   24.9   34.0   44.0   53.5   62.8   67.0   65.4   56.4   45.0   34.9   23.7   44.5
 22.4   26.3   35.8   46.6   57.1   66.7   72.0   70.2   60.5   48.9   36.6   25.6   47.5
 23.7   27.6   36.6   47.2   57.2   66.8   71.0   69.4   60.6   49.0   38.1   26.9   47.9
 22.4   26.1   35.2   44.3   54.4   63.1   67.6   66.6   57.7   46.5   35.4   25.0   45.5
 17.8   20.6   26.9   34.7   43.6   52.1   58.8   57.3   47.5   37.1   26.3   17.8   36.8
  4.2    9.4   20.9   32.1   42.3   51.3   57.1   56.0   44.6   32.4   19.0    6.6   31.4
 14.9   16.4   22.6   30.5   38.6   46.1   51.4   50.4   42.0   32.8   23.4   14.9   32.1
  7.2   10.9   21.0   30.8   40.5   48.5   53.6   52.0   41.6   30.4   18.8    8.0   30.4
 13.0   16.9   24.3   32.1   40.8   48.5   54.3   52.2   43.1   32.5   22.0   11.9   32.7
 16.4   18.2   25.1   31.2   38.5   44.5   48.0   46.5   38.4   29.4   24.0   15.8   31.4
 18.3   21.2   27.7   32.8   39.8   46.6   51.4   50.1   41.8   32.4   24.9   16.7   33.7
 14.4   18.4   27.6   37.9   49.6   59.4   64.7   62.6   52.3   39.6   26.8   16.4   39.3
 14.5   17.7   27.6   38.6   50.5   60.3   65.6   62.7   53.6   40.6   28.0   17.1   39.8
 12.1   16.5   26.2   37.3   48.6   58.6   63.6   61.5   51.1   38.5   25.6   14.5   37.9
 11.1   15.0   23.5   33.0   44.1   54.0   60.4   58.2   46.8   33.6   21.0   11.6   34.5
 13.6   18.1   28.1   39.8   50.9   61.0   66.2   64.0   53.9   41.6   28.8   16.7   40.3
 12.7   16.5   26.6   37.6   50.0   59.6   65.0   62.7   52.9   41.0   27.9   15.7   39.1
 13.7   16.3   23.8   31.9   42.9   52.3   58.3   56.2   45.4   32.9   21.5   12.5   34.1
 10.7   14.4   23.1   33.0   44.3   54.0   60.4   58.7   47.4   33.9   21.2   11.0   34.4
 13.9   18.4   26.2   31.0   37.6   44.4   50.1   47.9   39.1   28.7   21.2   14.7   31.2
 11.2   15.5   22.4   27.1   33.6   40.9   48.1   47.0   37.8   28.0   18.7   11.0   28.5
 39.4   43.4   49.4   56.1   65.8   74.6   80.9   79.3   71.1   58.5   46.5   38.7   58.7
 25.4   28.9   33.5   37.8   45.5   52.0   57.7   55.8   48.5   38.8   30.5   25.0   40.0
 18.7   22.8   26.6   30.7   37.9   45.4   51.8   48.8   39.6   29.5   22.4   17.4   32.7
 10.4   13.8   22.5   32.7   42.6   52.5   57.7   56.1   47.4   35.8   28.2   17.2   34.8
 -4.1   -2.4    5.0   17.4   29.8   39.5   44.0   43.0   36.1   24.0   13.3    1.7   20.7
 24.5   26.4   32.7   41.8   51.0   61.2   66.9   65.2   57.4   45.6   37.2   28.4   44.9
 29.2   30.9   36.9   45.5   54.5   64.3   70.0   69.7   63.5   52.5   42.9   33.5   49.5
 24.5   26.9   33.6   43.7   53.3   63.3   68.7   67.5   59.7   48.0   39.0   29.6   46.6
 26.1   30.3   35.7   43.0   52.5   61.6   66.4   65.1   57.9   46.1   34.1   26.5   45.5
 21.9   23.6   30.0   37.7   47.3   56.1   60.8   60.3   52.3   41.1   30.0   21.9   40.3
 26.1   30.7   36.9   44.7   54.7   63.2   67.0   65.8   58.5   46.5   34.3   26.1   46.3
 14.5   17.3   25.7   37.3   47.1   56.5   61.4   59.9   51.6   39.6   31.5   21.2   38.7
 15.7   17.4   24.6   35.9   46.1   55.2   59.6   58.3   50.7   40.1   31.4   21.2   38.1
 18.5   19.2   26.0   36.8   47.4   57.3   62.3   60.8   53.4   42.7   33.9   24.1   40.3
 23.3   25.2   31.3   40.6   49.8   60.2   66.0   65.3   57.5   45.5   37.1   28.2   44.3
 26.9   28.9   35.2   44.8   54.0   63.6   68.8   67.8   60.8   50.0   41.6   32.0   48.0
 26.3   28.1   34.2   43.5   52.8   62.8   68.5   67.8   60.8   49.6   40.7   31.5   47.3
 26.6   28.5   34.6   44.4   53.9   63.8   69.5   68.9   61.9   51.0   41.8   32.1   48.2
 17.6   18.6   25.8   36.6   46.3   55.9   60.7   59.5   52.0   41.5   33.0   23.5   39.3
 15.7   17.6   25.1   36.6   46.4   56.0   61.0   59.6   51.9   41.2   32.8   22.4   39.0
 23.4   26.4   31.8   39.8   48.6   56.6   60.4   59.4   52.8   40.9   32.2   25.6   41.6
 38.7   40.0   44.6   52.6   60.5   69.3   73.6   72.9   69.0   59.7   51.2   42.7   56.3
 29.6   32.7   39.3   46.9   55.8   64.5   68.1   67.2   60.4   48.8   39.2   31.9   48.8
 29.5   32.4   39.1   47.3   56.1   65.3   69.1   68.0   60.6   48.8   39.6   32.0   49.1
 31.0   33.8   39.9   48.0   56.5   65.8   69.9   68.6   61.7   49.8   40.8   33.3   50.0
 35.6   37.9   43.8   51.6   60.0   68.7   72.6   71.3   65.6   54.6   45.4   37.8   53.8
  2.2    7.9   19.4   30.7   42.6   52.0   57.4   55.5   45.0   32.2   18.8    6.1   30.9
  0.1    5.6   19.4   32.7   44.9   54.9   59.5   57.3   47.4   35.1   20.3    5.9   32.0
 -3.1    2.1   16.1   30.0   41.5   52.0   56.3   54.0   44.2   31.9   17.0    2.6   28.9
  0.1    6.3   18.2   29.7   40.5   49.7   55.8   53.9   42.1   29.8   16.4    3.3   28.9
 19.1   21.3   28.5   38.8   48.5   57.7   61.9   60.6   53.3   42.5   33.9   23.9   40.9
 21.7   23.6   30.2   40.4   50.1   59.8   64.3   63.1   56.0   45.4   36.9   26.4   43.3
 22.6   25.0   32.7   42.6   52.2   61.5   65.5   64.1   56.5   45.0   36.1   26.8   44.3
 20.3   23.1   31.2   41.4   51.4   60.9   64.5   62.7   54.9   44.0   34.6   24.3   42.8
 18.3   20.5   28.0   38.2   48.1   57.3   61.3   60.0   52.6   41.9   33.1   22.8   40.3
 18.4   20.6   28.3   38.7   48.5   58.3   62.4   60.9   52.8   41.8   33.2   23.1   40.7
 19.0   20.7   27.7   38.0   46.7   55.4   59.7   58.3   51.4   41.5   33.9   24.0   39.8
 28.8   32.8   41.0   49.7   59.6   67.8   72.2   71.3   63.2   51.6   40.0   30.6   50.8
 25.6   29.7   38.3   47.5   57.4   65.9   70.5   69.8   61.4   48.9   37.8   27.4   48.5
 37.7   37.2   38.9   41.0   45.6   50.0   53.1   53.1   49.4   44.2   40.1   36.6   43.9
 14.8   18.2   25.4   29.2   36.4   41.8   47.4   44.9   36.3   27.5   21.5   14.0   29.8
 34.2   34.8   37.1   39.5   43.5   47.6   51.4   51.1   47.0   41.2   37.6   33.8   41.6
 32.8   34.1   37.1   40.8   46.2   52.0   57.4   56.8   50.0   42.0   36.4   32.7   43.2
 28.8   30.3   35.0   39.2   45.6   51.5   57.2   56.8   49.4   40.1   33.4   27.0   41.3
 35.8   36.3   39.6   43.1   48.6   53.6   57.8   58.0   53.1   46.0   40.5   35.2   45.7
 34.7   34.6   37.2   39.6   44.7   49.3   53.1   52.8   48.4   42.3   38.4   34.0   42.5
 33.1   33.0   32.9   35.4   40.4   45.7   52.2   53.3   50.0   43.0   35.8   32.6   40.7
 19.5   21.7   28.8   38.5   48.3   58.1   62.7   60.9   52.9   41.3   32.9   24.0   40.9
 20.8   21.1   27.5   38.1   48.2   58.4   63.5   62.5   55.8   45.3   36.6   26.6   42.1
 22.8   25.1   33.0   41.9   52.1   62.0   66.3   64.5   56.2   44.6   35.1   26.6   44.3
 22.8   25.1   33.0   41.9   52.1   62.0   66.3   64.5   56.2   44.6   35.1   26.6   44.3
 25.6   27.7   34.4   44.1   54.0   63.8   69.2   67.9   60.3   48.4   39.2   30.1   47.2
 21.1   23.0   30.0   40.2   49.3   58.4   62.8   61.5   54.0   42.9   34.7   25.3   42.0
 18.5   20.7   27.6   38.2   47.6   56.5   60.9   59.5   52.1   41.1   33.3   23.8   40.1
 19.3   21.4   28.6   38.9   47.9   57.6   61.9   60.7   53.1   41.5   33.3   24.3   40.8
 21.0   23.6   30.0   39.6   48.6   58.4   64.2   63.2   55.3   43.9   35.7   26.3   42.6
 37.5   40.6   46.7   53.3   61.8   69.6   73.0   72.3   67.2   56.8   47.5   40.1   55.6
 42.8   45.5   51.6   58.8   67.1   74.0   76.9   76.1   71.8   62.5   53.6   45.6   60.6
 33.7   36.8   43.0   50.4   59.5   68.2   71.6   71.0   64.2   52.1   42.3   35.3   52.4
 32.0   34.9   41.2   48.3   57.2   65.8   69.4   68.7   61.8   50.4   41.3   34.0   50.5
  1.5    7.2   19.8   31.8   44.1   53.7   59.0   56.2   45.7   32.7   18.9    5.9   31.5
  6.6   11.4   22.6   34.0   46.0   55.9   61.4   59.2   48.8   35.4   22.2    9.5   34.5
 12.9   15.1   22.9   31.8   42.1   51.2   58.1   56.6   46.0   34.1   22.1   13.0   33.9
  6.9   11.7   22.7   34.4   46.2   56.4   61.9   59.6   49.3   36.1   22.7    9.8   34.9
 25.0   28.1   34.4   42.4   51.1   60.0   63.8   62.5   55.1   43.4   34.6   27.6   44.1
 30.7   34.0   40.7   48.3   57.3   65.8   69.7   69.2   61.8   49.9   40.2   33.1   50.1
 29.2   32.4   39.2   47.3   56.2   64.7   68.7   67.8   60.4   48.5   39.0   31.7   48.8
 32.6   36.3   44.1   52.9   62.2   70.3   73.8   72.7   65.2   53.8   43.7   35.1   53.6
 28.4   31.6   39.0   47.5   56.8   65.4   69.5   68.4   60.7   48.9   39.4   31.3   49.0
 27.9   30.9   37.4   45.4   54.7   63.3   67.4   66.6   59.4   47.2   37.2   30.3   47.4
 33.0   36.7   44.1   51.9   61.4   68.5   72.0   71.6   64.2   54.3   43.0   33.7   52.9
 23.4   26.4   33.3   41.6   51.8   61.0   65.2   64.2   56.4   44.7   32.5   24.0   43.8
 41.5   44.8   51.3   58.6   66.7   72.3   74.4   74.6   69.4   60.6   50.6   42.3   59.0
 36.3   39.4   46.6   54.7   63.7   69.9   71.7   71.3   65.3   55.9   45.5   37.2   54.9
 51.6   54.7   59.6   65.9   72.3   75.7   76.3   76.2   73.1   66.9   59.6   52.7   65.4
 47.2   50.5   56.3   63.0   70.0   73.9   74.8   75.0   72.0   64.8   56.2   48.6   62.7
 35.5   39.4   47.0   54.8   64.2   71.4   75.1   75.1   67.5   56.8   46.2   37.1   55.9
 37.3   41.1   48.5   56.2   65.4   72.8   76.7   76.8   69.0   58.2   47.6   38.5   57.4
 40.6   45.0   52.1   59.6   67.9   73.4   75.2   75.3   69.8   61.0   49.6   40.8   59.2
 32.5   37.1   42.9   50.7   60.0   68.0   70.9   69.7   63.3   52.0   40.1   32.5   51.7
 48.6   50.9   56.6   64.4   72.3   77.5   79.4   79.7   75.9   68.1   58.6   50.7   65.3
 44.1   47.9   53.2   60.0   67.7   73.5   74.4   74.3   69.9   61.8   52.7   45.5   60.5
 26.4   30.1   37.0   45.7   55.9   64.2   67.7   66.6   58.8   47.9   35.9   27.1   47.0
 30.3   34.5   41.0   49.3   59.5   67.3   69.7   68.8   62.0   51.8   39.2   30.8   50.4
 43.2   46.5   52.2   59.0   67.0   72.7   74.2   74.0   69.7   60.5   51.8   44.8   59.7
 33.3   37.0   44.4   51.9   61.8   68.8   71.2   70.7   63.5   53.6   42.3   33.6   52.8
 41.3   45.3   51.8   58.9   67.2   72.7   73.6   74.1   69.4   60.5   50.2   41.5   58.9
 43.1   46.4   52.5   59.3   67.3   72.4   74.0   73.7   69.2   60.9   51.8   44.3   59.6
 36.1   39.8   47.1   54.6   63.8   70.8   74.1   73.8   66.4   56.6   46.5   37.5   55.7
 29.8   33.5   41.2   49.4   59.6   67.6   71.9   71.4   63.3   52.0   40.3   30.8   51.0
 21.6   25.2   33.6   39.5   47.8   56.4   64.7   63.4   53.0   41.3   30.6   22.6   41.7
 10.2   12.5   22.0   34.8   45.4   55.3   60.3   58.5   50.7   39.1   30.9   18.5   36.6
 24.8   27.2   33.8   42.6   50.9   60.1   64.0   63.0   55.7   44.0   35.1   27.3   44.1
 32.7   34.4   40.5   48.9   57.9   67.1   71.9   70.7   65.3   54.0   44.6   36.1   52.1
 28.3   30.5   37.1   46.1   55.0   64.5   68.9   67.4   60.1   48.3   39.4   31.4   48.1
 27.5   29.8   36.7   45.3   53.4   62.3   66.3   65.0   57.6   46.5   37.7   30.1   46.6
 33.7   32.8   35.1   37.7   43.1   47.6   50.8   50.5   46.0   40.5   36.4   32.6   40.6
 36.0   35.2   36.8   38.6   43.1   47.5   50.5   50.5   46.9   41.8   38.1   34.7   41.7
 37.3   37.1   39.7   42.9   48.8   53.3   56.5   57.0   53.1   46.8   40.6   36.0   45.8
 36.9   36.9   39.3   42.2   47.3   51.9   55.6   55.9   52.1   45.8   40.0   35.6   45.0
 24.7   26.4   31.6   36.8   43.8   50.4   56.3   55.8   47.4   37.2   29.8   22.5   38.6
 30.1   32.2   37.4   42.0   48.3   54.2   60.9   60.4   52.6   43.1   35.2   28.4   43.8
 23.3   25.9   30.1   34.4   41.9   48.3   53.3   51.8   43.5   34.1   26.8   21.3   36.3
 22.8   25.7   32.3   41.4   49.4   57.8   61.4   60.3   53.4   43.1   34.8   26.2   42.5
 26.3   28.7   35.4   44.5   52.7   61.6   65.7   64.5   56.9   45.4   36.9   29.2   45.7
 19.4   21.5   28.0   36.6   45.5   54.6   59.0   58.0   50.7   38.4   30.5   22.7   38.8
 25.3   28.0   35.3   44.5   52.7   61.4   65.4   64.2   56.4   45.1   36.8   28.6   45.4
  9.0   12.4   22.4   33.8   44.0   54.1   58.4   56.9   48.5   37.7   26.9   14.4   35.0
  8.9   13.6   25.2   37.9   48.7   58.5   63.2   61.3   52.4   40.4   28.1   14.2   37.8
 11.1   15.1   24.8   35.8   46.1   56.1   61.0   59.0   50.2   38.8   28.2   15.9   36.9
 15.6   19.3   27.7   37.3   46.5   57.1   63.5   63.0   54.9   43.2   32.0   20.1   40.1
 14.3   15.7   22.4   28.6   37.2   45.7   53.0   51.5   41.4   31.0   21.6   13.5   31.4
 18.0   18.6   24.4   30.8   40.2   48.9   55.5   54.1   44.7   33.9   24.2   17.3   34.3
 12.0   14.0   23.9   31.3   40.3   48.3   55.7   54.1   45.2   33.2   21.9   13.2   32.9
 11.4   14.2   22.0   29.8   38.2   46.4   53.0   51.6   41.6   30.9   19.4   10.6   30.9
 75.5   75.0   75.6   76.5   77.2   77.4   76.6   76.3   76.2   76.5   77.2   76.8   76.4
 73.4   73.4   73.5   74.2   75.4   77.0   77.7   78.3   78.1   77.5   76.0   74.3   75.7
 76.3   76.1   76.3   76.9   77.0   76.4   76.4   77.0   77.0   77.1   77.0   76.7   76.7
 78.0   78.0   78.2   78.5   78.7   78.4   78.1   78.1   78.1   78.3   78.2   78.3   78.2
 77.8   77.9   78.0   78.1   78.3   77.9   77.8   77.9   77.9   77.8   77.9   77.7   77.9
 77.3   77.5   77.5   77.3   77.3   76.9   76.3   76.3   76.7   76.9   77.3   77.3   77.0
 74.5   74.7   74.7   74.5   74.4   74.0   73.0   72.7   72.4   72.4   73.0   74.0   73.7
 76.9   76.9   77.2   77.2   77.3   76.8   76.4   76.1   76.3   76.2   76.8   77.1   76.8
 74.1   73.3   73.6   74.4   76.0   77.6   78.0   78.2   78.4   77.8   76.7   75.4   76.1
 77.5   77.3   77.5   78.2   78.7   77.9   77.6   77.5   77.5   77.6   77.8   78.0   77.8
 72.0   72.0   72.9   74.4   76.3   77.7   78.1   78.2   77.8   76.9   75.2   73.4   75.4