NORMALS 1981-2010                     YRS  JAN   FEB   MAR   APR   MAY   JUN   JUL   AUG   SEP   OCT   NOV   DEC   ANN
13876,BIRMINGHAM AP,AL                 30, 53.8, 58.4, 66.7, 74.4, 81.5, 87.7, 90.8, 90.6, 85.1, 75.3, 65.4, 55.9, 73.8
03856,HUNTSVILLE, AL                   30, 51.2, 55.9, 64.9, 73.6, 81.3, 88.2, 90.7, 90.9, 85.0, 74.6, 63.7, 53.5, 72.8
13838,MOBILE, AL                       30, 60.0, 63.2, 69.8, 76.1, 83.0, 88.2, 90.4, 90.5, 87.3, 79.4, 70.3, 61.9, 76.7
13895,MONTGOMERY, AL                   30, 57.4, 61.8, 69.7, 76.6, 84.0, 89.8, 92.1, 91.9, 87.3, 78.3, 69.0, 59.6, 76.5
26451,ANCHORAGE, AK                    30, 23.1, 26.6, 33.9, 44.5, 56.0, 62.8, 65.4, 63.5, 55.1, 40.5, 27.8, 24.8, 43.7
25308,ANNETTE, AK                      30, 41.6, 42.7, 44.9, 50.2, 56.3, 61.1, 64.3, 64.7, 59.3, 51.6, 44.6, 41.5, 51.9
27502,BARROW, AK                       30, -7.3, -8.0, -6.1,  8.5, 25.8, 40.5, 46.9, 43.9, 35.8, 21.8,  6.2, -1.8, 17.2
26615,BETHEL, AK                       30, 12.4, 17.7, 22.6, 34.5, 50.5, 61.1, 63.4, 60.0, 52.2, 35.8, 23.2, 16.8, 37.5
26533,BETTLES,AK                       30, -2.2,  4.5, 16.7, 34.3, 54.6, 69.3, 69.8, 62.1, 48.9, 25.6,  6.0,  1.9, 32.6
26415,BIG DELTA,AK                     30,  5.7, 13.0, 24.4, 42.3, 57.5, 67.2, 69.2, 63.7, 52.3, 30.7, 12.9,  8.6, 37.3
25624,COLD BAY,AK                      30, 32.9, 33.7, 35.1, 39.0, 45.6, 51.2, 55.3, 56.5, 52.9, 45.5, 39.1, 35.6, 43.5
26411,FAIRBANKS, AK                    30,  1.1, 10.0, 25.4, 44.5, 61.0, 71.6, 72.7, 65.9, 54.6, 31.9, 10.9,  4.8, 37.9
26425,GULKANA,AK                       30,  5.0, 15.5, 28.2, 43.3, 57.0, 66.4, 68.6, 64.7, 53.6, 34.7, 13.6,  8.3, 38.2
25507,HOMER, AK                        30, 30.8, 32.7, 36.6, 44.1, 51.8, 57.8, 61.2, 60.9, 55.0, 44.6, 35.5, 33.0, 45.3
25309,JUNEAU, AK                       30, 32.8, 35.2, 39.6, 48.4, 56.6, 62.2, 63.9, 62.7, 55.7, 47.0, 37.8, 34.1, 48.0
25503,KING SALMON, AK                  30, 23.6, 26.8, 32.7, 42.4, 53.8, 61.0, 63.8, 62.6, 55.5, 41.3, 30.5, 26.4, 43.4
25501,KODIAK, AK                       30, 35.0, 35.5, 37.9, 42.9, 49.9, 54.8, 59.8, 61.3, 55.6, 46.4, 39.1, 36.1, 46.2
26616,KOTZEBUE, AK                     30,  3.9,  6.3,  8.8, 21.2, 37.8, 51.5, 59.5, 56.1, 46.7, 28.5, 14.2,  8.7, 28.6
26510,MCGRATH, AK                      30,  2.3, 12.4, 24.8, 40.8, 57.3, 68.1, 69.3, 63.4, 53.1, 31.9, 13.2,  5.4, 36.8
26617,NOME, AK                         30, 13.1, 15.4, 18.5, 27.5, 43.1, 54.9, 58.2, 55.9, 48.7, 34.5, 23.1, 16.8, 34.1
25713,ST. PAUL ISLAND, AK              30, 29.1, 28.5, 29.3, 33.4, 40.4, 46.8, 50.8, 52.1, 49.6, 42.8, 36.9, 33.0, 39.4
26528,TALKEETNA, AK                    30, 22.2, 27.6, 35.6, 46.1, 58.5, 67.0, 68.5, 65.2, 55.8, 40.6, 26.8, 23.7, 44.8
26479,VALDEZ, AK                       30, 27.5, 29.2, 35.2, 42.9, 52.5, 58.4, 60.5, 59.3, 53.6, 41.6, 31.5, 29.1, 43.4
25339,YAKUTAT, AK                      30, 33.8, 36.3, 39.4, 45.7, 52.3, 57.3, 60.1, 60.5, 55.6, 47.4, 38.4, 35.0, 46.8
03103,FLAGSTAFF, AZ                    30, 42.5, 44.8, 50.4, 58.2, 68.1, 77.9, 81.2, 78.4, 72.9, 62.0, 50.5, 42.5, 60.8
23183,PHOENIX, AZ                      30, 67.2, 70.7, 76.9, 85.2, 94.8,103.9,106.1,104.4, 99.8, 88.5, 75.5, 66.0, 86.6
53131,TUCSON, AZ                       30, 65.3, 68.0, 73.7, 81.6, 91.7,100.2, 99.4, 96.8, 94.5, 84.5, 73.6, 65.0, 82.9
23194,WINSLOW, AZ                      30, 49.5, 55.8, 63.6, 71.8, 81.7, 91.6, 94.5, 91.2, 85.2, 73.4, 60.1, 48.6, 72.3
53154,YUMA, AZ                         30, 68.7, 71.6, 77.8, 85.4, 93.9,103.1,106.1,105.3,100.2, 88.9, 75.9, 67.1, 87.0
13964,FORT SMITH, AR                   30, 49.9, 55.4, 64.7, 73.7, 80.5, 88.1, 93.0, 93.4, 85.4, 74.8, 62.8, 51.5, 72.8
13963,LITTLE ROCK, AR                  30, 50.5, 55.1, 64.0, 73.1, 81.1, 88.9, 92.5, 92.6, 85.6, 74.8, 63.0, 52.3, 72.8
03952,NORTH LITTLE ROCK, AR            30, 49.5, 54.3, 63.6, 72.8, 80.3, 88.2, 92.1, 92.0, 84.4, 73.4, 61.7, 51.2, 72.0
23155,BAKERSFIELD, CA                  30, 56.2, 62.8, 68.7, 75.0, 83.5, 90.9, 97.1, 95.8, 90.0, 79.4, 65.7, 56.6, 76.8
23157,BISHOP, CA                       30, 54.0, 57.9, 65.5, 72.7, 82.4, 92.0, 98.4, 96.3, 88.2, 76.1, 62.6, 53.3, 75.0
24213,EUREKA, CA.                      30, 55.6, 56.1, 56.7, 57.7, 60.1, 62.2, 63.4, 64.3, 63.7, 61.7, 58.0, 55.0, 59.5
93193,FRESNO, CA                       30, 54.8, 61.6, 67.6, 74.6, 84.1, 92.0, 98.4, 97.1, 90.9, 79.5, 65.1, 54.9, 76.7
23129,LONG BEACH, CA                   30, 67.4, 67.2, 68.6, 71.7, 73.6, 76.7, 81.9, 83.8, 82.1, 77.2, 72.1, 66.8, 74.1
23174,LOS ANGELES AP, CA               30, 64.6, 64.3, 64.4, 66.4, 68.1, 70.6, 73.8, 74.9, 74.6, 72.5, 68.9, 64.6, 69.0
93134,LOS ANGELES C.O., CA             30, 68.2, 68.6, 70.2, 72.7, 74.5, 78.1, 83.1, 84.4, 83.1, 78.5, 72.8, 67.7, 75.2
24215,MOUNT SHASTA, CA                 30, 45.3, 48.6, 54.4, 60.9, 69.1, 77.1, 85.8, 85.2, 78.0, 66.0, 51.3, 44.3, 63.8
04222,REDDING, CA                      30, 53.5, 56.8, 61.6, 67.5, 76.3, 85.7, 94.9, 94.1, 88.2, 75.2, 59.8, 51.6, 72.1
23232,SACRAMENTO, CA                   30, 53.8, 60.3, 65.1, 71.1, 79.9, 87.1, 92.1, 91.2, 87.2, 77.6, 63.8, 53.9, 73.6
23188,SAN DIEGO, CA                    30, 65.1, 65.0, 65.6, 67.5, 68.5, 70.8, 74.6, 76.4, 75.9, 72.8, 69.0, 64.7, 69.7
23234,SAN FRANCISCO AP, CA             30, 56.3, 59.5, 62.1, 64.7, 67.6, 70.6, 72.0, 72.7, 73.6, 70.4, 62.9, 56.6, 65.8
23272,SAN FRANCISCO C.O., CA           30, 56.9, 60.2, 61.8, 63.1, 64.3, 66.4, 66.5, 68.1, 70.2, 69.2, 63.1, 57.1, 63.9
23190,SANTA BARBARA, CA                30, 63.5, 63.7, 65.2, 67.3, 69.0, 70.7, 73.3, 74.4, 74.2, 72.0, 68.3, 63.6, 68.8
23273,SANTA MARIA, CA                  30, 63.4, 64.0, 65.1, 67.2, 68.5, 70.4, 72.6, 73.1, 73.7, 73.0, 68.5, 63.4, 68.6
23237,STOCKTON, CA                     30, 53.9, 60.7, 66.3, 72.6, 81.1, 88.1, 93.4, 92.2, 87.9, 77.9, 64.1, 53.9, 74.3
23061,ALAMOSA, CO                      30, 34.3, 39.9, 50.1, 59.3, 69.1, 78.6, 82.3, 79.5, 73.0, 61.7, 46.9, 35.2, 59.2
93037,COLORADO SPRINGS, CO             30, 43.2, 44.8, 52.1, 59.8, 69.1, 79.0, 84.8, 81.6, 74.5, 63.0, 51.0, 42.1, 62.1
03017,DENVER, CO                       30, 44.0, 46.2, 54.4, 61.5, 71.5, 82.4, 89.4, 87.2, 78.5, 65.3, 52.1, 42.8, 64.6
23066,GRAND JUNCTION, CO               30, 37.7, 45.4, 56.5, 65.3, 76.1, 87.6, 93.2, 89.7, 80.1, 66.2, 50.4, 38.5, 65.6
93058,PUEBLO, CO                       30, 47.0, 50.5, 59.1, 67.2, 76.8, 87.2, 92.9, 89.4, 81.6, 69.4, 56.1, 46.0, 68.6
94702,BRIDGEPORT, CT                   30, 37.1, 39.7, 47.2, 57.7, 67.6, 77.0, 82.2, 80.9, 74.0, 63.3, 53.1, 42.3, 60.2
14752,HARTFORD, CT                     30, 35.7, 39.3, 47.5, 59.8, 70.2, 79.1, 83.9, 82.3, 74.7, 63.1, 52.2, 40.7, 60.7
13781,WILMINGTON, DE                   30, 40.2, 43.5, 52.4, 63.5, 73.0, 81.8, 86.1, 84.2, 77.4, 66.2, 55.7, 44.6, 64.1
93738,WASHINGTON DULLES AP, D.C.       30, 42.5, 46.4, 55.5, 66.7, 75.1, 83.8, 87.9, 86.6, 79.4, 68.2, 57.5, 46.0, 66.3
13743,WASHINGTON NAT'L AP, D.C.        30, 43.4, 47.1, 55.9, 66.6, 75.4, 84.2, 88.4, 86.5, 79.5, 68.4, 57.9, 46.8, 66.7
12832,APALACHICOLA, FL                 30, 63.1, 66.1, 70.7, 76.6, 84.2, 88.9, 90.6, 89.8, 87.6, 80.8, 73.1, 65.4, 78.1
12834,DAYTONA BEACH, FL                30, 68.4, 70.7, 74.5, 79.2, 84.7, 88.4, 90.2, 89.6, 86.9, 82.0, 76.0, 70.4, 80.1
12835,FORT MYERS, FL                   30, 74.7, 77.2, 80.4, 84.6, 89.4, 91.5, 91.9, 91.8, 90.5, 86.7, 81.3, 76.6, 84.7
12816,GAINESVILLE, FL                  30, 66.2, 69.6, 74.6, 80.3, 86.9, 90.0, 90.9, 90.2, 87.4, 81.3, 74.4, 67.9, 80.0
13889,JACKSONVILLE, FL                 30, 64.8, 68.2, 73.7, 79.2, 85.5, 89.9, 92.0, 90.9, 86.9, 80.4, 73.5, 66.6, 79.3
12850,KEY WEST, FL                     30, 74.9, 76.8, 79.0, 81.7, 85.3, 88.1, 89.4, 89.8, 88.6, 85.1, 80.7, 76.9, 83.0
12839,MIAMI, FL                        30, 76.4, 78.1, 80.3, 83.2, 87.0, 89.5, 90.9, 91.0, 89.3, 86.2, 81.7, 77.9, 84.3
12841,ORLANDO, FL                      30, 70.7, 73.1, 77.4, 82.1, 87.9, 90.7, 91.8, 91.6, 89.2, 84.1, 77.9, 72.2, 82.4
03855,PENSACOLA, FL                    30, 60.3, 63.3, 68.4, 74.4, 81.9, 87.1, 89.0, 88.6, 85.7, 78.4, 70.3, 62.7, 75.8
93805,TALLAHASSEE, FL                  30, 63.5, 67.5, 73.8, 79.9, 87.0, 91.0, 92.1, 91.5, 88.4, 81.4, 73.0, 65.3, 79.5
12842,TAMPA, FL                        30, 69.9, 72.5, 76.3, 81.0, 87.2, 89.6, 90.1, 90.2, 88.9, 84.3, 78.0, 72.0, 81.7
12843,VERO BEACH, FL                   30, 72.4, 74.5, 77.2, 80.5, 84.8, 88.3, 90.0, 89.8, 88.0, 84.2, 78.9, 74.2, 81.9
12844,WEST PALM BEACH, FL              30, 74.6, 76.5, 78.7, 81.7, 85.7, 88.4, 89.9, 90.1, 88.3, 84.9, 80.1, 76.2, 82.9
13873,ATHENS, GA                       30, 53.9, 58.2, 66.2, 74.0, 81.8, 88.7, 91.4, 89.9, 84.0, 74.4, 65.2, 55.7, 73.6
13874,ATLANTA, GA                      30, 52.3, 56.6, 64.6, 72.5, 79.9, 86.4, 89.1, 88.1, 82.2, 72.7, 63.6, 54.0, 71.8
13837,AUGUSTA,GA                       30, 55.8, 60.4, 68.2, 75.4, 83.4, 89.3, 91.8, 89.9, 85.0, 75.9, 67.0, 58.3, 75.0
93842,COLUMBUS, GA                     30, 57.5, 62.0, 69.5, 76.7, 84.0, 90.0, 92.2, 91.4, 86.4, 77.3, 68.4, 59.3, 76.2
03813,MACON, GA                        30, 57.8, 62.1, 69.5, 76.8, 84.6, 90.3, 92.6, 91.4, 86.1, 77.4, 68.8, 59.6, 76.4
03822,SAVANNAH, GA                     30, 60.4, 64.3, 70.9, 77.6, 84.6, 89.9, 92.4, 90.6, 86.0, 78.4, 70.6, 62.5, 77.4
21515,HILO, HI                         30, 74.9, 74.6, 75.7, 75.9, 77.0, 78.3, 79.2, 79.4, 79.9, 79.1, 77.8, 76.0, 77.3
22521,HONOLULU,HI                      30, 80.1, 80.2, 81.2, 82.7, 84.6, 87.0, 87.9, 88.7, 88.6, 86.7, 83.9, 81.2, 84.4
22516,KAHULUI, HI                      30, 80.6, 80.7, 81.4, 82.4, 84.4, 86.3, 87.2, 88.0, 88.0, 86.8, 84.1, 81.6, 84.3
22536,LIHUE, HI                        30, 78.0, 77.8, 78.4, 79.2, 81.2, 83.3, 84.2, 84.7, 84.8, 83.4, 80.8, 78.8, 81.2
24131,BOISE, ID                        30, 37.8, 44.7, 54.6, 62.3, 71.6, 81.3, 91.2, 89.7, 78.8, 64.8, 48.2, 37.5, 63.5
24149,LEWISTON, ID                     30, 41.6, 46.5, 54.9, 62.3, 70.9, 78.5, 89.3, 88.8, 78.2, 62.6, 48.2, 39.5, 63.4
24156,POCATELLO, ID                    30, 32.6, 37.5, 48.8, 58.3, 67.8, 77.8, 87.8, 87.1, 75.8, 61.0, 44.5, 32.8, 59.3
94846,CHICAGO,IL                       30, 31.0, 35.3, 46.6, 59.0, 70.0, 79.7, 84.1, 81.9, 74.8, 62.3, 48.2, 34.8, 59.0
14923,MOLINE, IL                       30, 31.0, 35.7, 48.8, 62.3, 72.9, 82.3, 85.8, 83.8, 76.8, 64.1, 49.2, 34.6, 60.6
14842,PEORIA, IL                       30, 32.8, 37.7, 50.3, 63.0, 73.2, 82.2, 85.6, 83.8, 77.0, 64.5, 50.3, 36.1, 61.4
94822,ROCKFORD, IL                     30, 29.5, 34.2, 46.9, 60.7, 71.8, 81.1, 84.5, 82.4, 75.4, 62.7, 47.6, 33.2, 59.2
93822,SPRINGFIELD, IL                  30, 34.8, 39.9, 52.1, 64.6, 74.8, 83.1, 86.2, 84.9, 78.9, 66.4, 52.3, 38.3, 63.0
93817,EVANSVILLE, IN                   30, 41.0, 46.0, 56.7, 67.7, 76.9, 85.6, 88.5, 88.0, 81.3, 69.8, 56.5, 44.1, 66.8
14827,FORT WAYNE, IN                   30, 32.4, 36.3, 48.0, 61.1, 71.7, 80.9, 84.4, 82.2, 76.0, 63.4, 49.9, 36.2, 60.2
53842,INDIANAPOLIS, IN                 30, 35.1, 40.0, 51.5, 62.7, 72.5, 81.3, 83.9, 83.2, 77.2, 64.4, 51.8, 38.5, 61.8
14848,SOUTH BEND, IN                   30, 31.3, 35.1, 46.5, 59.5, 70.0, 79.4, 82.9, 80.9, 74.0, 61.7, 48.2, 35.2, 58.7
54902,DES MOINES, IA                   30, 29.9, 35.2, 48.2, 61.4, 71.0, 79.8, 84.3, 82.0, 75.5, 62.9, 47.0, 33.6, 59.2
94908,DUBUQUE,IA                       30, 26.7, 31.6, 44.2, 58.5, 69.1, 78.5, 81.9, 79.8, 72.4, 60.0, 44.8, 30.2, 56.5
14943,SIOUX CITY, IA                   30, 30.5, 34.9, 47.5, 62.3, 73.0, 82.1, 85.5, 83.3, 76.2, 63.3, 46.4, 32.1, 59.8
94910,WATERLOO, IA                     30, 27.4, 32.2, 45.6, 60.6, 72.0, 81.2, 84.4, 82.2, 75.3, 61.9, 45.9, 30.8, 58.3
13984,CONCORDIA, KS                    30, 38.6, 43.3, 54.6, 65.0, 74.2, 84.9, 90.7, 88.6, 80.0, 67.1, 52.2, 39.5, 64.9
13985,DODGE CITY, KS                   30, 44.2, 48.4, 57.8, 67.5, 76.9, 86.7, 92.8, 90.8, 82.4, 69.7, 55.9, 44.3, 68.1
23065,GOODLAND, KS                     30, 42.4, 45.3, 54.6, 63.6, 73.0, 83.9, 90.0, 87.5, 79.1, 66.2, 52.4, 42.5, 65.0
13996,TOPEKA, KS                       30, 39.9, 45.0, 56.4, 66.7, 75.9, 84.7, 89.5, 88.6, 80.4, 68.4, 54.6, 41.7, 66.0
03974,WICHITA, KS                      30, 42.4, 47.7, 57.7, 67.7, 76.3, 85.6, 91.4, 90.8, 82.2, 69.7, 56.0, 43.2, 67.6
93812,GREATER CINCINNATI AP,OH         30, 40.1, 44.7, 54.7, 66.1, 74.9, 83.0, 86.6, 85.8, 79.2, 67.6, 55.5, 43.2, 65.1
03889,JACKSON, KY                      30, 43.1, 47.7, 57.5, 68.0, 74.6, 81.6, 84.6, 84.1, 78.0, 68.1, 57.3, 46.0, 65.9
93820,LEXINGTON, KY                    30, 40.9, 45.6, 55.4, 65.8, 74.4, 82.9, 86.1, 85.6, 78.8, 67.5, 55.4, 43.9, 65.2
13810,LOUISVILLE, KY                   30, 42.5, 46.6, 56.6, 67.1, 76.3, 84.6, 87.2, 87.1, 80.0, 68.7, 56.4, 45.1, 66.5
03816,PADUCAH, KY                      30, 43.4, 48.9, 59.0, 69.4, 78.0, 86.2, 89.3, 89.0, 82.1, 71.0, 58.4, 46.3, 68.4
13970,BATON ROUGE, LA                  30, 62.3, 65.7, 72.7, 79.3, 86.2, 90.9, 92.2, 92.5, 88.7, 80.8, 71.9, 64.1, 78.9
03937,LAKE CHARLES, LA                 30, 61.4, 64.6, 71.4, 77.9, 84.6, 89.3, 91.1, 91.9, 88.2, 80.8, 71.6, 63.5, 78.0
12916,NEW ORLEANS, LA                  30, 62.1, 65.4, 71.8, 78.2, 85.2, 89.5, 91.2, 91.2, 87.5, 80.0, 71.8, 64.4, 78.2
53905,SHREVEPORT, LA                   30, 56.7, 60.9, 68.0, 75.3, 83.6, 89.6, 92.3, 93.4, 87.5, 77.3, 67.0, 57.9, 75.8
14607,CARIBOU, ME                      30, 19.5, 23.9, 33.9, 47.8, 62.5, 71.5, 76.0, 74.3, 65.4, 52.0, 38.3, 26.2, 49.3
14764,PORTLAND, ME                     30, 31.2, 34.6, 42.1, 53.3, 63.5, 73.2, 78.8, 77.7, 70.0, 58.7, 48.0, 37.3, 55.7
93721,BALTIMORE, MD                    30, 41.4, 44.9, 53.6, 64.6, 73.9, 83.0, 87.2, 85.1, 77.9, 66.8, 56.4, 45.3, 65.0
14753,BLUE HILL, MA                    30, 33.8, 36.8, 44.3, 55.7, 66.3, 75.0, 80.8, 79.2, 71.6, 60.3, 50.0, 39.1, 57.7
14739,BOSTON, MA                       30, 35.8, 38.7, 45.4, 55.6, 66.0, 75.9, 81.4, 79.6, 72.4, 61.4, 51.5, 41.2, 58.7
94746,WORCESTER, MA                    30, 31.3, 34.6, 42.9, 55.1, 65.9, 74.1, 78.9, 77.3, 69.6, 58.3, 47.6, 36.3, 56.0
94849,ALPENA, MI                       30, 26.8, 29.3, 38.3, 52.3, 64.5, 74.5, 79.4, 77.0, 68.9, 55.9, 43.1, 31.7, 53.5
14822,DETROIT, MI                      30, 31.4, 34.4, 44.2, 57.4, 68.7, 78.3, 82.6, 80.4, 73.0, 60.2, 47.7, 35.5, 57.8
14826,FLINT, MI                        30, 29.6, 32.8, 43.5, 57.3, 68.5, 77.9, 81.9, 79.7, 72.3, 59.6, 46.7, 34.1, 57.0
94860,GRAND RAPIDS, MI                 30, 30.7, 33.7, 44.4, 58.2, 69.5, 79.0, 82.8, 80.6, 73.0, 60.3, 47.3, 34.8, 57.9
94814,HOUGHTON LAKE, MI                30, 26.2, 29.4, 39.7, 54.1, 66.3, 75.5, 79.7, 77.1, 68.9, 55.7, 42.3, 30.5, 53.8
14836,LANSING, MI                      30, 30.1, 33.3, 44.1, 57.8, 68.8, 78.4, 82.4, 80.1, 72.7, 59.9, 46.7, 34.3, 57.4
14838,MARQUETTE, MI                    30, 25.0, 27.8, 35.9, 47.3, 59.4, 68.3, 74.5, 74.2, 66.8, 53.9, 40.3, 29.1, 50.2
14840,MUSKEGON, MI                     30, 30.8, 33.2, 43.0, 55.9, 66.9, 76.0, 80.4, 78.8, 71.3, 58.8, 46.4, 35.1, 56.4
14847,SAULT STE. MARIE, MI             30, 23.0, 25.9, 34.7, 49.4, 62.7, 71.3, 76.2, 74.7, 66.5, 53.3, 40.1, 28.6, 50.5
14913,DULUTH, MN                       30, 18.9, 24.0, 34.4, 49.2, 62.2, 70.8, 76.3, 74.3, 65.0, 51.5, 35.6, 22.3, 48.7
14918,INTERNATIONAL FALLS, MN          30, 15.4, 22.0, 34.7, 51.5, 64.8, 73.2, 77.8, 75.9, 65.4, 51.1, 33.7, 19.0, 48.7
14922,MINNEAPOLIS-ST.PAUL, MN          30, 23.7, 28.9, 41.3, 57.8, 69.4, 78.8, 83.4, 80.5, 71.7, 58.0, 41.2, 27.1, 55.2
14925,ROCHESTER, MN                    30, 23.6, 28.1, 40.5, 57.0, 68.7, 78.0, 81.4, 78.9, 71.4, 58.4, 41.6, 27.1, 54.6
14926,SAINT CLOUD, MN                  30, 21.4, 26.8, 39.0, 56.3, 68.8, 77.5, 82.3, 79.6, 70.3, 56.6, 39.0, 24.7, 53.5
13927,JACKSON, MS                      30, 56.4, 61.0, 68.4, 75.9, 82.9, 89.2, 91.5, 91.5, 86.6, 77.2, 67.5, 58.4, 75.5
13865,MERIDIAN, MS                     30, 56.5, 61.0, 69.0, 76.2, 83.2, 89.2, 91.8, 91.5, 86.8, 77.3, 67.7, 58.8, 75.8
93862,TUPELO, MS                       30, 51.7, 56.6, 65.5, 74.1, 81.8, 88.7, 91.7, 91.5, 85.5, 75.3, 64.1, 53.8, 73.4
03945,COLUMBIA, MO                     30, 38.5, 43.9, 55.2, 66.1, 74.5, 83.0, 87.6, 87.0, 78.8, 67.1, 53.9, 41.1, 64.7
13988,KANSAS CITY, MO                  30, 39.5, 44.6, 56.2, 66.7, 75.9, 85.0, 90.1, 88.6, 80.0, 67.8, 54.2, 41.8, 65.9
13994,ST. LOUIS, MO                    30, 39.9, 45.0, 55.9, 67.4, 76.3, 85.1, 89.1, 87.9, 80.2, 68.5, 55.5, 42.5, 66.1
13995,SPRINGFIELD, MO                  30, 42.9, 48.2, 57.5, 67.2, 75.3, 83.8, 88.8, 89.0, 80.3, 69.0, 56.7, 44.9, 67.0
24033,BILLINGS, MT                     30, 36.4, 40.2, 48.6, 57.6, 67.5, 77.2, 86.8, 85.7, 73.1, 59.4, 45.3, 35.2, 59.4
94008,GLASGOW, MT                      30, 23.4, 29.1, 42.4, 57.8, 67.8, 76.7, 85.1, 84.4, 71.8, 57.0, 39.7, 26.0, 55.1
24143,GREAT FALLS, MT                  30, 35.5, 38.3, 45.9, 55.6, 64.8, 73.3, 83.4, 82.3, 70.3, 57.7, 43.3, 34.6, 57.1
94012,HAVRE, TX                        30, 28.8, 33.6, 44.6, 58.0, 67.5, 75.8, 84.9, 84.0, 71.4, 58.2, 41.6, 30.2, 56.6
24144,HELENA, MT                       30, 33.3, 38.6, 48.2, 57.8, 67.1, 75.7, 85.7, 84.5, 72.6, 58.7, 43.1, 31.7, 58.1
24146,KALISPELL, MT                    30, 31.2, 36.0, 45.6, 56.1, 65.1, 72.0, 81.4, 81.4, 69.9, 54.9, 39.6, 29.7, 55.2
24153,MISSOULA, MT                     30, 33.2, 38.8, 49.8, 58.5, 67.3, 75.2, 85.9, 84.9, 73.1, 57.8, 41.5, 31.0, 58.1
14935,GRAND ISLAND, NE                 30, 35.8, 39.8, 51.1, 63.2, 72.7, 83.2, 87.7, 85.4, 78.0, 64.8, 49.4, 36.9, 62.3
94996,LINCOLN, NE                      30, 34.9, 39.9, 51.6, 63.0, 72.7, 81.9, 86.7, 85.4, 77.8, 65.2, 49.7, 36.9, 62.1
14941,NORFOLK, NE                      30, 33.0, 37.0, 48.6, 61.9, 72.3, 81.8, 86.4, 84.2, 76.5, 63.5, 47.1, 34.1, 60.5
24023,NORTH PLATTE, NE                 30, 38.9, 43.0, 52.5, 62.2, 71.7, 81.8, 88.2, 86.1, 77.8, 64.5, 50.2, 39.1, 63.0
14942,OMAHA EPPLEY AP, NE              30, 33.4, 38.1, 50.9, 63.7, 73.8, 83.2, 87.3, 85.1, 77.6, 64.7, 48.9, 35.3, 61.8
94918,OMAHA (NORTH), NE                30, 32.1, 36.5, 49.2, 62.3, 71.8, 80.7, 84.8, 82.8, 75.5, 63.3, 47.8, 33.8, 60.1
24028,SCOTTSBLUFF, NE                  30, 40.8, 44.4, 52.7, 61.4, 71.6, 82.1, 89.8, 87.7, 77.9, 64.1, 50.2, 39.6, 63.5
24032,VALENTINE, NE                    30, 36.5, 40.0, 49.3, 60.3, 70.9, 81.1, 88.7, 87.0, 77.3, 63.0, 47.7, 36.6, 61.5
24121,ELKO, NV                         30, 36.3, 41.4, 51.6, 59.4, 69.2, 80.0, 90.3, 88.5, 78.5, 64.5, 48.2, 37.2, 62.1
23154,ELY, NV                          30, 39.5, 42.5, 50.2, 57.8, 67.8, 79.0, 87.6, 85.3, 75.8, 62.5, 48.6, 39.5, 61.3
53123,LAS VEGAS, NV                    30, 57.7, 62.4, 69.8, 77.9, 87.7, 97.7,104.1,101.4, 93.1, 80.1, 66.7, 56.0, 79.6
23185,RENO, NV                         30, 45.7, 51.0, 57.9, 63.9, 73.5, 83.3, 92.2, 90.6, 82.0, 69.2, 55.0, 45.6, 67.5
24128,WINNEMUCCA, NV                   30, 41.6, 47.5, 55.7, 62.5, 72.2, 82.9, 93.2, 91.3, 80.9, 66.9, 51.4, 41.3, 65.6
14745,CONCORD, NH                      30, 30.8, 34.9, 43.8, 57.4, 68.9, 77.4, 82.3, 80.9, 72.6, 60.5, 48.4, 36.3, 57.9
14755,MT. WASHINGTON, NH               30, 13.6, 14.7, 20.7, 30.4, 41.3, 50.4, 54.1, 53.3, 47.1, 36.4, 28.1, 18.4, 34.0
93730,ATLANTIC CITY AP, NJ             30, 41.5, 44.3, 51.8, 61.7, 71.3, 80.6, 85.5, 83.7, 77.0, 66.6, 56.3, 46.0, 63.9
13724,ATLANTIC CITY C.O.,NJ            30, 41.8, 43.5, 49.6, 57.6, 66.6, 75.7, 81.3, 80.2, 74.8, 65.0, 55.8, 46.3, 61.5
14734,NEWARK, NJ                       30, 38.8, 42.3, 50.7, 62.0, 72.1, 81.5, 86.0, 84.1, 76.7, 65.3, 54.6, 43.5, 63.1
23050,ALBUQUERQUE, NM                  30, 46.8, 52.5, 60.5, 69.0, 78.8, 88.3, 90.1, 87.2, 80.7, 69.0, 55.8, 46.1, 68.7
23051,CLAYTON, NM                      30, 48.9, 51.3, 58.5, 67.0, 75.6, 84.6, 88.6, 86.2, 79.3, 68.5, 57.2, 47.7, 67.8
23009,ROSWELL, NM                      30, 55.1, 60.7, 68.3, 76.8, 85.4, 93.2, 93.7, 91.7, 85.6, 75.7, 64.3, 54.6, 75.4
14735,ALBANY, NY                       30, 30.6, 34.6, 44.4, 58.3, 69.4, 77.9, 82.3, 80.4, 72.2, 59.8, 47.9, 35.8, 57.8
04725,BINGHAMTON, NY                   30, 28.7, 32.1, 41.1, 54.2, 65.5, 73.7, 77.8, 76.5, 68.4, 56.8, 45.1, 33.3, 54.4
14733,BUFFALO, NY                      30, 31.2, 33.3, 42.0, 55.0, 66.5, 75.3, 79.9, 78.4, 71.1, 59.0, 47.6, 36.1, 56.3
04781,ISLIP, NY                        30, 38.0, 40.3, 47.3, 57.6, 67.5, 76.6, 81.7, 80.4, 73.8, 63.0, 53.2, 43.0, 60.2
94728,NEW YORK C.PARK, NY              30, 38.3, 41.6, 49.7, 61.2, 70.8, 79.3, 84.1, 82.6, 75.2, 63.8, 53.8, 43.0, 62.0
94789,NEW YORK (JFK AP), NY            30, 39.1, 41.8, 49.0, 59.0, 68.5, 78.0, 83.2, 81.9, 75.3, 64.5, 54.3, 44.0, 61.6
14732,NEW YORK (LAGUARDIA AP), NY      30, 39.3, 42.2, 49.8, 60.9, 71.2, 80.5, 85.3, 83.7, 76.3, 65.2, 54.7, 44.3, 62.8
14768,ROCHESTER, NY                    30, 31.7, 34.1, 42.8, 56.0, 67.6, 76.6, 81.0, 79.1, 71.6, 59.6, 48.0, 36.5, 57.1
14771,SYRACUSE, NY                     30, 31.5, 34.2, 43.2, 57.2, 68.8, 77.5, 81.6, 80.0, 72.2, 60.0, 48.4, 36.4, 57.6
53877,ASHEVILLE, NC                    30, 47.0, 50.6, 58.2, 67.0, 74.0, 79.2, 82.3, 81.4, 75.6, 67.8, 58.6, 48.4, 65.8
93729,CAPE HATTERAS, NC                30, 52.2, 53.5, 58.6, 66.3, 73.7, 81.0, 84.6, 84.1, 79.9, 72.0, 64.0, 55.9, 68.8
13881,CHARLOTTE, NC                    30, 50.7, 55.0, 63.1, 71.9, 78.9, 86.0, 89.0, 87.5, 81.3, 71.8, 62.4, 52.9, 70.9
13723,GREENSBORO-WNSTN-SALM-HGHPT,NC   30, 48.3, 52.5, 60.9, 70.2, 77.5, 84.8, 87.9, 86.3, 79.7, 70.3, 60.8, 50.7, 69.2
13722,RALEIGH, NC                      30, 50.9, 55.2, 63.4, 72.4, 79.6, 87.1, 90.2, 88.4, 82.1, 72.7, 63.6, 53.6, 71.6
13748,WILMINGTON, NC                   30, 56.4, 59.9, 66.4, 74.2, 80.7, 86.9, 89.7, 88.1, 83.7, 75.7, 68.0, 59.3, 74.1
24011,BISMARCK, ND                     30, 23.4, 28.3, 40.4, 57.0, 68.4, 77.3, 84.7, 83.5, 72.1, 57.5, 39.6, 26.2, 54.9
14914,FARGO, ND                        30, 18.4, 23.7, 36.3, 55.8, 69.3, 77.4, 82.5, 81.2, 70.8, 56.0, 37.3, 22.3, 52.6
14916,GRAND FORKS, ND                  30, 16.5, 21.9, 34.2, 53.9, 68.0, 76.1, 81.0, 80.2, 69.6, 54.3, 35.1, 20.3, 50.9
94014,WILLISTON, ND                    30, 21.9, 27.5, 40.4, 57.0, 67.7, 76.8, 84.4, 83.8, 71.3, 56.3, 37.9, 24.4, 54.1
14895,AKRON, OH                        30, 33.1, 36.7, 46.6, 59.6, 69.3, 78.0, 82.0, 80.3, 73.0, 61.0, 49.2, 37.0, 58.8
14820,CLEVELAND, OH                    30, 34.4, 37.5, 46.6, 59.1, 69.5, 78.6, 82.6, 80.8, 73.9, 62.3, 50.8, 38.3, 59.5
14821,COLUMBUS, OH                     30, 36.5, 40.6, 51.1, 63.5, 72.9, 81.6, 84.9, 83.7, 77.0, 65.1, 52.6, 40.1, 62.5
93815,DAYTON, OH                       30, 34.7, 38.9, 49.6, 61.9, 71.5, 80.2, 83.8, 82.6, 75.9, 63.8, 51.1, 38.1, 61.0
14891,MANSFIELD, OH                    30, 32.8, 36.3, 46.2, 59.3, 69.4, 78.1, 81.7, 80.0, 73.3, 61.6, 49.4, 36.5, 58.7
94830,TOLEDO, OH                       30, 32.6, 36.0, 46.9, 60.1, 71.0, 80.7, 84.5, 82.2, 75.4, 62.8, 49.7, 36.4, 59.9
14852,YOUNGSTOWN, OH                   30, 32.5, 36.1, 45.8, 59.0, 68.9, 77.4, 81.4, 79.9, 72.4, 60.6, 48.9, 36.5, 58.3
13967,OKLAHOMA CITY, OK                30, 49.7, 54.6, 63.4, 72.3, 80.2, 88.1, 93.9, 93.4, 84.7, 73.4, 61.5, 50.6, 72.2
53908,TULSA, OK                        30, 48.3, 53.8, 63.0, 72.1, 79.7, 87.8, 93.2, 93.5, 84.4, 73.4, 61.6, 49.7, 71.7
94224,ASTORIA, OR                      30, 49.8, 51.6, 53.8, 56.4, 60.4, 63.9, 67.4, 68.7, 67.6, 60.9, 53.5, 48.7, 58.6
94185,BURNS,OR                         30, 34.8, 39.3, 49.3, 57.1, 66.1, 75.0, 85.9, 84.8, 75.5, 61.8, 45.1, 34.3, 59.1
24221,EUGENE, OR                       30, 47.2, 51.1, 56.2, 60.8, 67.0, 73.2, 82.3, 82.8, 76.9, 64.2, 52.2, 45.6, 63.3
24225,MEDFORD, OR                      30, 47.8, 54.3, 59.5, 64.9, 73.3, 81.6, 90.7, 90.7, 83.5, 69.9, 53.0, 45.9, 67.9
24155,PENDLETON, OR                    30, 41.8, 46.8, 55.2, 62.1, 70.0, 78.2, 88.0, 86.8, 77.4, 63.7, 49.2, 39.5, 63.2
24229,PORTLAND, OR                     30, 47.0, 51.3, 56.7, 61.4, 68.0, 73.5, 80.6, 81.1, 75.8, 63.8, 52.8, 45.6, 63.1
24232,SALEM, OR                        30, 47.7, 51.6, 56.5, 61.1, 67.8, 73.9, 82.0, 82.4, 76.8, 64.1, 52.6, 46.2, 63.6
24235,SEXTON SUMMIT, OR                30, 42.6, 44.0, 46.5, 52.0, 60.0, 67.1, 75.3, 75.7, 69.5, 58.2, 45.8, 41.4, 56.5
14737,ALLENTOWN, PA                    30, 36.0, 39.8, 49.4, 61.3, 71.5, 80.1, 84.2, 82.4, 74.9, 63.6, 52.5, 40.5, 61.4
14860,ERIE, PA.                        30, 33.7, 35.5, 43.8, 56.1, 66.6, 75.7, 79.8, 78.6, 71.9, 60.8, 49.9, 38.1, 57.5
14711,HARRISBURG, PA                   30, 37.0, 40.7, 50.4, 62.4, 72.1, 81.0, 85.5, 83.4, 75.6, 64.1, 53.1, 41.3, 62.2
14711,MIDDLETOWN/HARRISBURG INTL AP,PA 30, 37.0, 40.7, 50.4, 62.4, 72.1, 81.0, 85.5, 83.4, 75.6, 64.1, 53.1, 41.3, 62.2
13739,PHILADELPHIA, PA                 30, 40.3, 43.8, 52.7, 63.9, 73.8, 82.7, 87.1, 85.3, 78.0, 66.6, 56.0, 44.8, 64.6
94823,PITTSBURGH, PA                   30, 35.7, 39.3, 49.2, 61.7, 70.8, 79.1, 82.5, 81.4, 74.3, 62.6, 51.2, 39.4, 60.6
14777,WILKES-BARRE INTL AP, PA         30, 33.2, 36.8, 46.2, 59.1, 69.7, 77.7, 81.9, 79.9, 72.3, 60.7, 49.4, 37.5, 58.7
14778,WILLIAMSPORT, PA                 30, 34.2, 38.0, 47.9, 60.9, 71.5, 79.7, 83.6, 81.6, 73.5, 62.0, 49.9, 38.1, 60.1
14765,PROVIDENCE, RI                   30, 37.4, 40.3, 47.8, 58.6, 68.4, 77.5, 82.8, 81.4, 74.2, 63.3, 53.2, 42.3, 60.6
13880,CHARLESTON AP,SC                 30, 59.0, 62.8, 69.6, 76.4, 83.2, 88.4, 91.1, 89.5, 84.8, 77.1, 69.8, 61.6, 76.1
13782,CHARLESTON C.O.,SC               30, 56.7, 59.6, 65.0, 72.0, 78.7, 84.5, 87.6, 86.4, 82.0, 74.6, 67.3, 59.5, 72.8
13883,COLUMBIA, SC                     30, 56.0, 60.3, 68.2, 76.3, 83.8, 90.0, 92.7, 90.7, 85.2, 76.1, 67.3, 58.2, 75.4
03870,GREENVILLE-SPARTANBURG AP, SC    30, 52.4, 56.6, 64.5, 72.8, 80.2, 87.5, 90.3, 88.6, 82.2, 72.8, 63.5, 54.1, 72.1
14929,ABERDEEN, SD                     30, 22.5, 27.9, 40.0, 57.0, 68.7, 77.4, 83.5, 81.8, 72.1, 57.6, 39.6, 25.5, 54.5
14936,HURON, SD                        30, 26.8, 31.8, 43.7, 59.0, 70.2, 79.6, 86.0, 84.0, 74.7, 60.4, 43.0, 29.0, 57.4
24090,RAPID CITY, SD                   30, 37.1, 39.6, 47.9, 58.3, 67.8, 77.8, 87.1, 86.4, 75.6, 61.4, 47.0, 36.9, 60.2
14944,SIOUX FALLS, SD                  30, 26.4, 31.3, 43.1, 58.5, 69.8, 79.2, 84.1, 81.7, 73.2, 59.6, 42.5, 28.5, 56.5
13877,BRISTOL-JHNSN CTY-KNGSPRT,TN     30, 45.3, 49.9, 59.0, 68.0, 75.9, 83.0, 85.5, 85.1, 79.2, 69.2, 58.7, 48.0, 67.2
13882,CHATTANOOGA, TN                  30, 50.2, 54.8, 63.7, 72.7, 79.9, 87.1, 90.2, 89.6, 83.2, 73.1, 62.3, 52.1, 71.6
13891,KNOXVILLE, TN                    30, 47.3, 52.3, 61.4, 70.3, 78.1, 85.4, 88.2, 87.8, 81.8, 71.2, 60.4, 49.8, 69.5
13893,MEMPHIS, TN                      30, 49.8, 54.7, 63.9, 73.0, 81.2, 88.9, 91.6, 91.3, 85.1, 74.4, 62.6, 52.1, 72.4
13897,NASHVILLE, TN                    30, 46.9, 51.8, 61.0, 70.5, 78.2, 86.0, 89.3, 89.0, 82.4, 71.7, 60.3, 49.5, 69.7
03841,OAK RIDGE,TN                     30, 47.0, 52.2, 61.8, 71.1, 78.5, 85.4, 88.3, 88.0, 81.8, 71.8, 60.2, 49.1, 69.6
13962,ABILENE, TX                      30, 56.8, 60.5, 68.6, 77.3, 84.6, 90.5, 94.2, 94.0, 86.8, 77.3, 66.3, 56.9, 76.2
23047,AMARILLO, TX                     30, 50.6, 54.2, 62.5, 71.1, 79.5, 87.7, 91.4, 89.4, 82.6, 71.9, 60.0, 49.7, 70.9
13958,AUSTIN/CITY, TX                  30, 61.5, 65.2, 72.2, 79.8, 86.5, 92.1, 95.6, 97.0, 90.5, 81.8, 71.4, 62.7, 79.7
13904,AUSTIN/BERGSTROM, TX             30, 62.1, 64.8, 71.8, 79.8, 86.7, 92.2, 95.2, 96.1, 90.4, 82.2, 71.4, 63.6, 79.7
12919,BROWNSVILLE, TX                  30, 70.6, 73.7, 78.9, 83.7, 88.4, 92.1, 93.6, 94.4, 90.5, 85.7, 79.1, 71.8, 83.5
12924,CORPUS CHRISTI, TX               30, 66.9, 70.4, 75.9, 81.7, 86.6, 90.9, 93.1, 94.4, 90.1, 84.4, 76.0, 68.4, 81.6
03927,DALLAS-FORT WORTH, TX            30, 56.4, 60.4, 68.2, 76.3, 83.6, 91.3, 95.6, 96.1, 88.4, 78.3, 66.9, 57.1, 76.6
13960,DALLAS-LOVE FIELD, TX            30, 56.8, 60.8, 68.7, 76.7, 84.2, 91.6, 96.0, 96.4, 88.7, 78.5, 67.1, 57.5, 76.9
22010,DEL RIO, TX                      30, 63.8, 68.6, 76.2, 83.6, 89.8, 94.7, 96.6, 97.1, 90.8, 82.4, 72.0, 64.0, 81.6
23044,EL PASO, TX                      30, 57.7, 63.1, 70.3, 78.6, 87.8, 95.5, 94.7, 92.4, 87.6, 78.2, 66.2, 57.1, 77.4
12923,GALVESTON, TX                    30, 61.8, 64.3, 70.2, 75.9, 83.0, 88.2, 89.6, 90.3, 87.4, 80.6, 71.6, 63.9, 77.2
12975,HOUSTON, TX                      30, 62.5, 65.8, 71.8, 78.1, 84.5, 89.7, 91.5, 92.3, 88.0, 81.1, 72.3, 64.3, 78.5
23042,LUBBOCK, TX                      30, 54.1, 58.9, 66.7, 75.4, 83.8, 90.6, 92.8, 91.3, 84.5, 75.2, 63.6, 54.1, 74.3
23023,MIDLAND-ODESSA, TX               30, 57.4, 62.4, 70.2, 79.2, 87.6, 93.4, 94.6, 93.6, 86.9, 77.9, 66.6, 58.1, 77.3
12917,PORT ARTHUR, TX                  30, 62.1, 65.3, 71.8, 78.1, 84.8, 89.6, 91.7, 92.2, 88.2, 80.6, 71.7, 63.7, 78.3
23034,SAN ANGELO, TX                   30, 59.5, 63.5, 71.1, 80.1, 87.2, 92.1, 95.1, 94.7, 87.8, 78.8, 68.3, 59.9, 78.2
12970,SAN ANTONIO, TX                  30, 63.4, 67.4, 74.1, 81.4, 87.7, 92.5, 95.0, 97.5, 90.3, 82.6, 72.6, 64.2, 80.7
12912,VICTORIA, TX                     30, 64.7, 68.1, 74.2, 80.5, 86.5, 91.5, 93.8, 95.0, 90.4, 83.5, 74.2, 66.1, 80.7
13959,WACO, TX                         30, 58.2, 61.8, 69.2, 77.6, 85.0, 91.7, 96.3, 96.8, 89.8, 79.9, 68.5, 59.0, 77.8
13966,WICHITA FALLS, TX                30, 54.2, 58.3, 67.0, 75.8, 83.6, 91.4, 96.9, 96.6, 88.1, 77.0, 65.1, 54.7, 75.7
23176,MILFORD, UT                      30, 39.9, 45.8, 56.4, 64.5, 74.7, 85.1, 91.9, 89.7, 80.6, 67.7, 52.3, 40.1, 65.7
24127,SALT LAKE CITY, UT               30, 37.4, 43.2, 53.7, 61.6, 71.9, 83.0, 92.6, 90.5, 79.2, 64.7, 49.4, 38.0, 63.8
14742,BURLINGTON, VT                   30, 27.2, 30.6, 40.0, 54.7, 67.2, 76.3, 80.9, 79.0, 70.4, 57.2, 45.5, 33.2, 55.2
13733,LYNCHBURG, VA                    30, 45.4, 49.1, 57.9, 68.2, 75.4, 83.2, 86.5, 85.2, 78.3, 68.5, 58.5, 47.8, 67.0
13737,NORFOLK, VA                      30, 48.1, 50.9, 58.2, 67.6, 75.4, 83.5, 87.4, 85.1, 79.3, 70.1, 61.1, 52.1, 68.2
13740,RICHMOND, VA                     30, 47.4, 51.3, 60.0, 70.3, 77.9, 86.1, 89.7, 87.6, 81.2, 71.0, 61.4, 50.7, 69.6
13741,ROANOKE, VA                      30, 45.6, 49.3, 58.0, 68.0, 75.7, 83.4, 87.0, 85.8, 78.5, 68.9, 58.6, 47.9, 67.2
24227,OLYMPIA, WA                      30, 45.9, 49.3, 53.9, 58.9, 65.3, 70.6, 76.8, 77.7, 71.8, 60.2, 50.2, 44.2, 60.4
94240,QUILLAYUTE, WA                   30, 47.1, 49.1, 51.4, 54.8, 59.5, 63.1, 67.4, 68.6, 66.2, 58.2, 50.3, 46.0, 56.8
24281,SEATTLE C.O., WA                 30, 48.6, 51.4, 55.4, 59.9, 65.8, 70.7, 75.8, 76.2, 70.8, 60.7, 52.4, 46.9, 61.2
24233,SEATTLE SEA-TAC AP, WA           30, 47.2, 49.9, 53.7, 58.5, 64.7, 69.9, 75.8, 76.3, 70.5, 59.7, 50.9, 45.7, 60.2
24157,SPOKANE, WA                      30, 34.4, 39.6, 48.9, 57.2, 66.4, 73.8, 83.3, 82.9, 72.9, 58.0, 41.6, 32.2, 57.6
24160,WALLA WALLA, WA                  30, 40.9, 46.0, 55.2, 62.5, 70.4, 78.8, 89.2, 88.1, 77.9, 63.5, 48.5, 38.5, 63.3
24243,YAKIMA, WA                       30, 38.6, 46.3, 56.2, 63.8, 72.4, 79.5, 87.9, 86.8, 78.0, 63.9, 47.9, 35.8, 63.1
03872,BECKLEY, WV                      30, 39.4, 43.1, 51.8, 62.8, 70.2, 77.0, 79.8, 79.2, 72.9, 63.3, 53.0, 42.3, 61.2
13866,CHARLESTON, WV                   30, 42.5, 46.6, 56.2, 67.7, 74.8, 82.2, 85.2, 84.2, 77.8, 67.7, 57.0, 45.6, 65.6
13729,ELKINS, WV                       30, 39.0, 42.8, 51.7, 62.8, 70.7, 77.9, 81.0, 80.2, 73.7, 64.0, 53.3, 42.3, 61.6
03860,HUNTINGTON, WV                   30, 42.2, 46.5, 56.6, 67.9, 75.3, 82.8, 86.0, 85.5, 78.8, 68.1, 56.8, 45.4, 66.0
14898,GREEN BAY, WI                    30, 24.3, 28.2, 39.2, 53.9, 66.0, 75.3, 79.8, 77.7, 69.9, 56.6, 42.2, 28.5, 53.5
14920,LA CROSSE, WI                    30, 25.9, 31.4, 43.9, 59.3, 70.7, 80.0, 84.1, 81.5, 73.2, 59.9, 43.8, 29.1, 56.9
14837,MADISON, WI                      30, 26.4, 31.1, 43.1, 57.3, 68.4, 77.9, 81.6, 79.4, 71.8, 58.9, 44.1, 30.2, 55.9
14839,MILWAUKEE, WI                    30, 28.9, 32.5, 42.4, 53.8, 64.9, 75.3, 80.1, 78.5, 71.3, 59.3, 46.0, 32.8, 55.5
24089,CASPER, WY                       30, 35.2, 37.8, 47.9, 56.8, 67.1, 78.8, 88.1, 86.4, 74.3, 59.4, 44.7, 34.2, 59.2
24018,CHEYENNE, WY                     30, 39.5, 40.5, 47.5, 54.9, 64.7, 75.3, 83.4, 81.2, 71.8, 58.8, 46.5, 38.2, 58.5
94078,LANDER, WY                       30, 34.0, 36.0, 45.9, 54.4, 65.1, 76.0, 85.1, 83.8, 72.7, 57.9, 43.7, 33.0, 57.3
24029,SHERIDAN, WY                     30, 36.2, 39.0, 48.4, 57.4, 66.7, 76.7, 87.1, 86.3, 74.2, 60.1, 45.9, 35.2, 59.4
41415,GUAM, PC                         30, 84.9, 84.9, 85.8, 87.3, 87.9, 87.9, 87.1, 86.5, 86.7, 86.8, 86.5, 85.6, 86.5
21603,JOHNSTON ISLAND, PC              30, 83.2, 83.4, 83.7, 84.7, 85.9, 87.5, 88.3, 88.9, 88.7, 87.5, 85.3, 83.9, 85.9
40309,KOROR, PC                        30, 86.5, 86.4, 87.1, 87.8, 87.7, 86.8, 86.1, 86.0, 86.5, 87.0, 87.8, 87.2, 86.9
40604,KWAJALEIN-MARSHALL IS., PC       30, 85.4, 85.8, 86.4, 86.5, 86.8, 86.5, 86.5, 86.8, 87.0, 86.8, 86.4, 85.7, 86.4
40710,MAJURO-MARSHALL IS, PC           30, 85.5, 85.9, 86.1, 86.1, 86.4, 86.3, 86.4, 86.7, 86.9, 86.9, 86.6, 85.9, 86.3
61705,PAGO PAGO-AMER SAMOA, PC         30, 87.6, 88.0, 88.1, 87.5, 86.2, 85.0, 84.2, 84.3, 85.3, 85.8, 86.6, 87.4, 86.3
40504,POHNPEI-CAROLINE IS., PC         30, 86.8, 87.1, 87.6, 87.8, 88.0, 88.1, 88.6, 89.2, 89.3, 89.3, 88.8, 87.5, 88.2
40505,CHUUK E. CAROLINE IS., PC        30, 85.5, 85.7, 86.1, 86.4, 86.9, 86.7, 86.6, 86.5, 86.6, 86.8, 86.8, 86.1, 86.4
41606,WAKE ISLAND, PC                  30, 83.2, 82.9, 83.7, 85.0, 86.5, 88.2, 88.8, 89.0, 89.0, 88.0, 86.0, 84.4, 86.2
40308,YAP-W CAROLINE IS., PC           30, 86.9, 87.0, 87.7, 88.5, 88.7, 88.0, 87.5, 87.2, 87.6, 88.1, 88.0, 87.3, 87.7
11641,SAN JUAN, PR                     30, 83.2, 83.7, 84.9, 86.2, 87.5, 88.9, 88.7, 89.2, 89.2, 88.4, 85.9, 83.9, 86.6
